<?xml version="1.0" encoding="UTF-8" standalone="no" ?>
<COLLADA xmlns="http://www.collada.org/2005/11/COLLADASchema" version="1.4.1">
    <asset>
        <contributor>
            <authoring_tool>SketchUp 21.0.0</authoring_tool>
        </contributor>
        <created>2022-02-28T14:33:57Z</created>
        <modified>2022-02-28T14:33:57Z</modified>
        <unit meter="0.0254" name="inch" />
        <up_axis>Z_UP</up_axis>
    </asset>
    <library_cameras>
        <camera id="ID1" name="skp_camera_Last_Saved_SketchUp_View">
            <optics>
                <technique_common>
                    <perspective>
                        <yfov>35</yfov>
                        <aspect_ratio>0</aspect_ratio>
                        <znear>1</znear>
                        <zfar>1000</zfar>
                    </perspective>
                </technique_common>
            </optics>
        </camera>
    </library_cameras>
    <library_visual_scenes>
        <visual_scene id="ID2">
            <node name="SketchUp">
                <node name="skp_camera_Last_Saved_SketchUp_View">
                    <matrix>0.9999772 -0.003505876 0.005777726 68.07697 0.006758201 0.5187469 -0.8549011 -25.903 0 0.8549206 0.5187588 24.8803 0 0 0 1</matrix>
                    <instance_camera url="#ID1" />
                </node>
                <node id="ID3" name="group_0">
                    <matrix>1 0 0 70.83278 0 1 0 9.274387 0 0 1 -4.309889 0 0 0 1</matrix>
                    <instance_geometry url="#ID293">
                        <bind_material>
                            <technique_common>
                                <instance_material symbol="Material2" target="#ID6">
                                    <bind_vertex_input semantic="UVSET0" input_semantic="TEXCOORD" input_set="0" />
                                </instance_material>
                                <instance_material symbol="Material3" target="#ID18">
                                    <bind_vertex_input semantic="UVSET0" input_semantic="TEXCOORD" input_set="0" />
                                </instance_material>
                                <instance_material symbol="Material4" target="#ID299">
                                    <bind_vertex_input semantic="UVSET0" input_semantic="TEXCOORD" input_set="0" />
                                </instance_material>
                            </technique_common>
                        </bind_material>
                    </instance_geometry>
                    <instance_geometry url="#ID305">
                        <bind_material>
                            <technique_common>
                                <instance_material symbol="Material2" target="#ID6">
                                    <bind_vertex_input semantic="UVSET0" input_semantic="TEXCOORD" input_set="0" />
                                </instance_material>
                                <instance_material symbol="Material3" target="#ID18">
                                    <bind_vertex_input semantic="UVSET0" input_semantic="TEXCOORD" input_set="0" />
                                </instance_material>
                            </technique_common>
                        </bind_material>
                    </instance_geometry>
                    <instance_geometry url="#ID315">
                        <bind_material>
                            <technique_common>
                                <instance_material symbol="Material2" target="#ID316">
                                    <bind_vertex_input semantic="UVSET0" input_semantic="TEXCOORD" input_set="0" />
                                </instance_material>
                                <instance_material symbol="Material3" target="#ID299">
                                    <bind_vertex_input semantic="UVSET0" input_semantic="TEXCOORD" input_set="0" />
                                </instance_material>
                            </technique_common>
                        </bind_material>
                    </instance_geometry>
                    <node id="ID4" name="group_1">
                        <matrix>0.27 0 0 0.2251618 0 0.8069603 -0.5906057 2.697472 0 0.5906057 0.8069603 -0.428539 0 0 0 1</matrix>
                        <instance_geometry url="#ID5">
                            <bind_material>
                                <technique_common>
                                    <instance_material symbol="Material2" target="#ID6">
                                        <bind_vertex_input semantic="UVSET0" input_semantic="TEXCOORD" input_set="0" />
                                    </instance_material>
                                    <instance_material symbol="Material3" target="#ID17">
                                        <bind_vertex_input semantic="UVSET0" input_semantic="TEXCOORD" input_set="0" />
                                    </instance_material>
                                    <instance_material symbol="Material4" target="#ID18">
                                        <bind_vertex_input semantic="UVSET0" input_semantic="TEXCOORD" input_set="0" />
                                    </instance_material>
                                </technique_common>
                            </bind_material>
                        </instance_geometry>
                    </node>
                    <node id="ID24" name="group_2">
                        <matrix>0.27 0 0 0.2251618 0 0.8069603 -0.5906057 12.60688 0 0.5906057 0.8069603 -0.428539 0 0 0 1</matrix>
                        <instance_geometry url="#ID25">
                            <bind_material>
                                <technique_common>
                                    <instance_material symbol="Material2" target="#ID6">
                                        <bind_vertex_input semantic="UVSET0" input_semantic="TEXCOORD" input_set="0" />
                                    </instance_material>
                                    <instance_material symbol="Material3" target="#ID17">
                                        <bind_vertex_input semantic="UVSET0" input_semantic="TEXCOORD" input_set="0" />
                                    </instance_material>
                                    <instance_material symbol="Material4" target="#ID18">
                                        <bind_vertex_input semantic="UVSET0" input_semantic="TEXCOORD" input_set="0" />
                                    </instance_material>
                                </technique_common>
                            </bind_material>
                        </instance_geometry>
                    </node>
                    <node id="ID35" name="instance_0">
                        <matrix>1 -0 0 0.3716455 0 0.8151278 -0.5792812 10.39348 0 0.5792812 0.8151278 8.809159 0 0 0 1</matrix>
                        <instance_node url="#ID36" />
                    </node>
                    <node id="ID78" name="instance_1">
                        <matrix>1 -0 0 0.3716455 0 0.8151278 -0.5792812 8.527385 0 0.5792812 0.8151278 7.301385 0 0 0 1</matrix>
                        <instance_node url="#ID79" />
                    </node>
                    <node id="ID121" name="instance_2">
                        <matrix>1 -0 0 0.3716455 0 0.8151278 -0.5792812 2.929098 0 0.5792812 0.8151278 3.204058 0 0 0 1</matrix>
                        <instance_node url="#ID122" />
                    </node>
                    <node id="ID164" name="instance_3">
                        <matrix>1 -0 0 0.3716455 0 0.8151278 -0.5792812 6.661289 0 0.5792812 0.8151278 5.935609 0 0 0 1</matrix>
                        <instance_node url="#ID165" />
                    </node>
                    <node id="ID207" name="instance_4">
                        <matrix>1 -0 0 0.3716455 0 0.8151278 -0.5792812 4.795193 0 0.5792812 0.8151278 4.569834 0 0 0 1</matrix>
                        <instance_node url="#ID208" />
                    </node>
                    <node id="ID250" name="instance_5">
                        <matrix>1 -0 0 0.3716455 0 0.8151278 -0.5792812 1.063002 0 0.5792812 0.8151278 1.838283 0 0 0 1</matrix>
                        <instance_node url="#ID251" />
                    </node>
                </node>
                <node id="ID330" name="group_3">
                    <matrix>1 0 0 52.83278 0 1 0 9.274387 0 0 1 -4.309889 0 0 0 1</matrix>
                    <node id="ID331" name="group_4">
                        <matrix>1 -0 0 0 0 0.8069603 -0.5906057 0.8786012 0 0.5906057 0.8069603 -0.09479485 0 0 0 1</matrix>
                        <instance_geometry url="#ID354">
                            <bind_material>
                                <technique_common>
                                    <instance_material symbol="Material2" target="#ID6">
                                        <bind_vertex_input semantic="UVSET0" input_semantic="TEXCOORD" input_set="0" />
                                    </instance_material>
                                    <instance_material symbol="Material3" target="#ID18">
                                        <bind_vertex_input semantic="UVSET0" input_semantic="TEXCOORD" input_set="0" />
                                    </instance_material>
                                </technique_common>
                            </bind_material>
                        </instance_geometry>
                        <instance_geometry url="#ID364">
                            <bind_material>
                                <technique_common>
                                    <instance_material symbol="Material2" target="#ID6">
                                        <bind_vertex_input semantic="UVSET0" input_semantic="TEXCOORD" input_set="0" />
                                    </instance_material>
                                    <instance_material symbol="Material3" target="#ID18">
                                        <bind_vertex_input semantic="UVSET0" input_semantic="TEXCOORD" input_set="0" />
                                    </instance_material>
                                </technique_common>
                            </bind_material>
                        </instance_geometry>
                        <node id="ID332" name="group_5">
                            <matrix>1 0 0 0.8339326 0 1 0 9.267143 0 0 1 -7.196105 0 0 0 1</matrix>
                            <instance_geometry url="#ID333">
                                <bind_material>
                                    <technique_common>
                                        <instance_material symbol="Material2" target="#ID6">
                                            <bind_vertex_input semantic="UVSET0" input_semantic="TEXCOORD" input_set="0" />
                                        </instance_material>
                                        <instance_material symbol="Material3" target="#ID17">
                                            <bind_vertex_input semantic="UVSET0" input_semantic="TEXCOORD" input_set="0" />
                                        </instance_material>
                                        <instance_material symbol="Material4" target="#ID18">
                                            <bind_vertex_input semantic="UVSET0" input_semantic="TEXCOORD" input_set="0" />
                                        </instance_material>
                                    </technique_common>
                                </bind_material>
                            </instance_geometry>
                        </node>
                        <node id="ID343" name="group_6">
                            <matrix>1 0 0 0.8339326 0 1 0 1.270645 0 0 1 -1.343553 0 0 0 1</matrix>
                            <instance_geometry url="#ID344">
                                <bind_material>
                                    <technique_common>
                                        <instance_material symbol="Material2" target="#ID6">
                                            <bind_vertex_input semantic="UVSET0" input_semantic="TEXCOORD" input_set="0" />
                                        </instance_material>
                                        <instance_material symbol="Material3" target="#ID17">
                                            <bind_vertex_input semantic="UVSET0" input_semantic="TEXCOORD" input_set="0" />
                                        </instance_material>
                                        <instance_material symbol="Material4" target="#ID18">
                                            <bind_vertex_input semantic="UVSET0" input_semantic="TEXCOORD" input_set="0" />
                                        </instance_material>
                                    </technique_common>
                                </bind_material>
                            </instance_geometry>
                        </node>
                    </node>
                    <node id="ID374" name="instance_6">
                        <matrix>1 -0 0 4.794592 0 0.8069603 -0.5906057 5.469431 0 0.5906057 0.8069603 3.292045 0 0 0 1</matrix>
                        <instance_node url="#ID375" />
                    </node>
                    <node id="ID672" name="instance_7">
                        <matrix>1 -0 0 6.992892 0 0.8069603 -0.5906057 5.469431 0 0.5906057 0.8069603 3.292045 0 0 0 1</matrix>
                        <instance_node url="#ID375" />
                    </node>
                    <node id="ID673" name="instance_8">
                        <matrix>1 -0 0 11.38949 0 0.8069603 -0.5906057 5.469431 0 0.5906057 0.8069603 3.292045 0 0 0 1</matrix>
                        <instance_node url="#ID375" />
                    </node>
                    <node id="ID674" name="instance_9">
                        <matrix>1 -0 0 0.3979913 0 0.8069603 -0.5906057 5.469431 0 0.5906057 0.8069603 3.292045 0 0 0 1</matrix>
                        <instance_node url="#ID375" />
                    </node>
                    <node id="ID675" name="instance_10">
                        <matrix>1 -0 0 9.191192 0 0.8069603 -0.5906057 5.469431 0 0.5906057 0.8069603 3.292045 0 0 0 1</matrix>
                        <instance_node url="#ID375" />
                    </node>
                    <node id="ID676" name="instance_11">
                        <matrix>1 -0 0 2.596292 0 0.8069603 -0.5906057 5.469431 0 0.5906057 0.8069603 3.292045 0 0 0 1</matrix>
                        <instance_node url="#ID375" />
                    </node>
                    <node id="ID677" name="instance_12">
                        <matrix>1 -0 0 13.58779 0 0.8069603 -0.5906057 3.510717 0 0.5906057 0.8069603 1.831623 0 0 0 1</matrix>
                        <instance_node url="#ID678" />
                    </node>
                    <node id="ID975" name="instance_13">
                        <matrix>1 -0 0 6.992892 0 0.8069603 -0.5906057 1.539124 0 0.5906057 0.8069603 0.4397526 0 0 0 1</matrix>
                        <instance_node url="#ID976" />
                    </node>
                    <node id="ID1273" name="instance_14">
                        <matrix>1 -0 0 11.38949 0 0.8069603 -0.5906057 3.510717 0 0.5906057 0.8069603 1.831623 0 0 0 1</matrix>
                        <instance_node url="#ID678" />
                    </node>
                    <node id="ID1274" name="instance_15">
                        <matrix>1 -0 0 0.3979913 0 0.8069603 -0.5906057 3.510717 0 0.5906057 0.8069603 1.831623 0 0 0 1</matrix>
                        <instance_node url="#ID678" />
                    </node>
                    <node id="ID1275" name="instance_16">
                        <matrix>1 -0 0 4.794592 0 0.8069603 -0.5906057 3.510717 0 0.5906057 0.8069603 1.831623 0 0 0 1</matrix>
                        <instance_node url="#ID678" />
                    </node>
                    <node id="ID1276" name="instance_17">
                        <matrix>1 -0 0 2.596292 0 0.8069603 -0.5906057 3.510717 0 0.5906057 0.8069603 1.831623 0 0 0 1</matrix>
                        <instance_node url="#ID678" />
                    </node>
                    <node id="ID1277" name="instance_18">
                        <matrix>1 -0 0 4.794592 0 0.8069603 -0.5906057 1.539124 0 0.5906057 0.8069603 0.4397526 0 0 0 1</matrix>
                        <instance_node url="#ID976" />
                    </node>
                    <node id="ID1278" name="instance_19">
                        <matrix>1 -0 0 9.191192 0 0.8069603 -0.5906057 3.510717 0 0.5906057 0.8069603 1.831623 0 0 0 1</matrix>
                        <instance_node url="#ID678" />
                    </node>
                    <node id="ID1279" name="instance_20">
                        <matrix>1 -0 0 9.191192 0 0.8069603 -0.5906057 1.539124 0 0.5906057 0.8069603 0.4397526 0 0 0 1</matrix>
                        <instance_node url="#ID976" />
                    </node>
                    <node id="ID1280" name="instance_21">
                        <matrix>1 -0 0 11.38949 0 0.8069603 -0.5906057 1.539124 0 0.5906057 0.8069603 0.4397526 0 0 0 1</matrix>
                        <instance_node url="#ID976" />
                    </node>
                    <node id="ID1281" name="instance_22">
                        <matrix>1 -0 0 6.992892 0 0.8069603 -0.5906057 3.510717 0 0.5906057 0.8069603 1.831623 0 0 0 1</matrix>
                        <instance_node url="#ID678" />
                    </node>
                    <node id="ID1282" name="instance_23">
                        <matrix>1 -0 0 13.58779 0 0.8069603 -0.5906057 1.539124 0 0.5906057 0.8069603 0.4397526 0 0 0 1</matrix>
                        <instance_node url="#ID976" />
                    </node>
                    <node id="ID1283" name="instance_24">
                        <matrix>1 -0 0 2.596292 0 0.8069603 -0.5906057 1.539124 0 0.5906057 0.8069603 0.4397526 0 0 0 1</matrix>
                        <instance_node url="#ID976" />
                    </node>
                    <node id="ID1284" name="instance_25">
                        <matrix>1 -0 0 2.596292 0 0.8069603 -0.5906057 11.37049 0 0.5906057 0.8069603 7.584107 0 0 0 1</matrix>
                        <instance_node url="#ID1285" />
                    </node>
                    <node id="ID1582" name="instance_26">
                        <matrix>1 -0 0 0.3979913 0 0.8069603 -0.5906057 11.37049 0 0.5906057 0.8069603 7.584107 0 0 0 1</matrix>
                        <instance_node url="#ID1285" />
                    </node>
                    <node id="ID1583" name="instance_27">
                        <matrix>1 -0 0 11.38949 0 0.8069603 -0.5906057 11.37049 0 0.5906057 0.8069603 7.584107 0 0 0 1</matrix>
                        <instance_node url="#ID1285" />
                    </node>
                    <node id="ID1584" name="instance_28">
                        <matrix>1 -0 0 9.191192 0 0.8069603 -0.5906057 11.37049 0 0.5906057 0.8069603 7.584107 0 0 0 1</matrix>
                        <instance_node url="#ID1285" />
                    </node>
                    <node id="ID1585" name="instance_29">
                        <matrix>1 -0 0 13.58779 0 0.8069603 -0.5906057 11.37049 0 0.5906057 0.8069603 7.584107 0 0 0 1</matrix>
                        <instance_node url="#ID1285" />
                    </node>
                    <node id="ID1586" name="instance_30">
                        <matrix>1 -0 0 0.3979913 0 0.8069603 -0.5906057 1.539124 0 0.5906057 0.8069603 0.4397526 0 0 0 1</matrix>
                        <instance_node url="#ID976" />
                    </node>
                    <node id="ID1587" name="instance_31">
                        <matrix>1 -0 0 4.794592 0 0.8069603 -0.5906057 11.37049 0 0.5906057 0.8069603 7.584107 0 0 0 1</matrix>
                        <instance_node url="#ID1285" />
                    </node>
                    <node id="ID1588" name="instance_32">
                        <matrix>1 -0 0 6.992892 0 0.8069603 -0.5906057 11.37049 0 0.5906057 0.8069603 7.584107 0 0 0 1</matrix>
                        <instance_node url="#ID1285" />
                    </node>
                    <node id="ID1589" name="instance_33">
                        <matrix>1 -0 0 9.191192 0 0.8069603 -0.5906057 9.411004 0 0.5906057 0.8069603 6.14998 0 0 0 1</matrix>
                        <instance_node url="#ID1590" />
                    </node>
                    <node id="ID1887" name="instance_34">
                        <matrix>1 -0 0 4.794592 0 0.8069603 -0.5906057 9.411004 0 0.5906057 0.8069603 6.14998 0 0 0 1</matrix>
                        <instance_node url="#ID1590" />
                    </node>
                    <node id="ID1888" name="instance_35">
                        <matrix>1 -0 0 2.596292 0 0.8069603 -0.5906057 9.411004 0 0.5906057 0.8069603 6.14998 0 0 0 1</matrix>
                        <instance_node url="#ID1590" />
                    </node>
                    <node id="ID1889" name="instance_36">
                        <matrix>1 -0 0 6.992892 0 0.8069603 -0.5906057 9.411004 0 0.5906057 0.8069603 6.14998 0 0 0 1</matrix>
                        <instance_node url="#ID1590" />
                    </node>
                    <node id="ID1890" name="instance_37">
                        <matrix>1 -0 0 0.3979913 0 0.8069603 -0.5906057 9.411004 0 0.5906057 0.8069603 6.14998 0 0 0 1</matrix>
                        <instance_node url="#ID1590" />
                    </node>
                    <node id="ID1891" name="instance_38">
                        <matrix>1 -0 0 11.38949 0 0.8069603 -0.5906057 9.411004 0 0.5906057 0.8069603 6.14998 0 0 0 1</matrix>
                        <instance_node url="#ID1590" />
                    </node>
                    <node id="ID1892" name="instance_39">
                        <matrix>1 -0 0 13.58779 0 0.8069603 -0.5906057 9.411004 0 0.5906057 0.8069603 6.14998 0 0 0 1</matrix>
                        <instance_node url="#ID1590" />
                    </node>
                    <node id="ID1893" name="instance_40">
                        <matrix>1 -0 0 13.58779 0 0.8069603 -0.5906057 5.469431 0 0.5906057 0.8069603 3.292045 0 0 0 1</matrix>
                        <instance_node url="#ID375" />
                    </node>
                    <node id="ID1894" name="instance_41">
                        <matrix>1 -0 0 9.191192 0 0.8069603 -0.5906057 7.43145 0 0.5906057 0.8069603 4.701166 0 0 0 1</matrix>
                        <instance_node url="#ID1895" />
                    </node>
                    <node id="ID2192" name="instance_42">
                        <matrix>1 -0 0 11.38949 0 0.8069603 -0.5906057 7.43145 0 0.5906057 0.8069603 4.701166 0 0 0 1</matrix>
                        <instance_node url="#ID1895" />
                    </node>
                    <node id="ID2193" name="instance_43">
                        <matrix>1 -0 0 6.992892 0 0.8069603 -0.5906057 7.43145 0 0.5906057 0.8069603 4.701166 0 0 0 1</matrix>
                        <instance_node url="#ID1895" />
                    </node>
                    <node id="ID2194" name="instance_44">
                        <matrix>1 -0 0 13.58779 0 0.8069603 -0.5906057 7.43145 0 0.5906057 0.8069603 4.701166 0 0 0 1</matrix>
                        <instance_node url="#ID1895" />
                    </node>
                    <node id="ID2195" name="instance_45">
                        <matrix>1 -0 0 0.3979913 0 0.8069603 -0.5906057 7.43145 0 0.5906057 0.8069603 4.701166 0 0 0 1</matrix>
                        <instance_node url="#ID1895" />
                    </node>
                    <node id="ID2196" name="instance_46">
                        <matrix>1 -0 0 4.794592 0 0.8069603 -0.5906057 7.43145 0 0.5906057 0.8069603 4.701166 0 0 0 1</matrix>
                        <instance_node url="#ID1895" />
                    </node>
                    <node id="ID2197" name="instance_47">
                        <matrix>1 -0 0 2.596292 0 0.8069603 -0.5906057 7.43145 0 0.5906057 0.8069603 4.701166 0 0 0 1</matrix>
                        <instance_node url="#ID1895" />
                    </node>
                </node>
            </node>
        </visual_scene>
    </library_visual_scenes>
    <library_geometries>
        <geometry id="ID5">
            <mesh>
                <source id="ID11">
                    <float_array id="ID20" count="168">0 1.016191 1.919502 0 0.7255925 1.776357e-15 0 -3.552714e-15 0.5310534 0 1.741783 1.388449 0 1.741783 1.388449 0 1.016191 1.919502 0 0.7255925 1.776357e-15 0 -3.552714e-15 0.5310534 0 -3.552714e-15 0.5310534 0 0.7255925 1.776357e-15 0 1.016191 1.919502 0 1.741783 1.388449 14.61504 0.7255925 1.776357e-15 0 -3.552714e-15 0.5310534 0 0.7255925 1.776357e-15 14.61504 -3.552714e-15 0.5310534 14.61504 -3.552714e-15 0.5310534 14.61504 0.7255925 1.776357e-15 0 -3.552714e-15 0.5310534 0 0.7255925 1.776357e-15 14.61504 -3.552714e-15 0.5310534 14.61504 0.7255925 1.776357e-15 14.61504 1.016191 1.919502 0 -3.552714e-15 0.5310534 14.61504 -3.552714e-15 0.5310534 0 1.016191 1.919502 0 1.016191 1.919502 14.61504 1.016191 1.919502 0 -3.552714e-15 0.5310534 14.61504 -3.552714e-15 0.5310534 14.61504 1.016191 1.919502 14.61504 1.016191 1.919502 0 1.741783 1.388449 0 1.016191 1.919502 14.61504 1.741783 1.388449 14.61504 1.741783 1.388449 14.61504 1.016191 1.919502 0 1.741783 1.388449 0 1.016191 1.919502 14.61504 1.741783 1.388449 0 1.741783 1.388449 14.61504 0.7255925 1.776357e-15 0 0.7255925 1.776357e-15 14.61504 1.741783 1.388449 14.61504 1.741783 1.388449 0 1.741783 1.388449 14.61504 0.7255925 1.776357e-15 0 0.7255925 1.776357e-15 14.61504 0.7255925 1.776357e-15 14.61504 1.016191 1.919502 14.61504 -3.552714e-15 0.5310534 14.61504 1.741783 1.388449 14.61504 1.741783 1.388449 14.61504 0.7255925 1.776357e-15 14.61504 1.016191 1.919502 14.61504 -3.552714e-15 0.5310534</float_array>
                    <technique_common>
                        <accessor count="56" source="#ID20" stride="3">
                            <param name="X" type="float" />
                            <param name="Y" type="float" />
                            <param name="Z" type="float" />
                        </accessor>
                    </technique_common>
                </source>
                <source id="ID12">
                    <float_array id="ID21" count="168">-1 0 0 -1 0 0 -1 0 0 -1 0 0 1 -0 -0 1 -0 -0 1 -0 -0 1 -0 -0 0 0 0 0 0 0 0 0 0 0 0 0 0 -0.5906057 -0.8069603 0 -0.5906057 -0.8069603 0 -0.5906057 -0.8069603 0 -0.5906057 -0.8069603 -0 0.5906057 0.8069603 -0 0.5906057 0.8069603 -0 0.5906057 0.8069603 -0 0.5906057 0.8069603 0 0 0 0 0 0 0 -0.8069603 0.5906057 0 -0.8069603 0.5906057 0 -0.8069603 0.5906057 0 -0.8069603 0.5906057 -0 0.8069603 -0.5906057 -0 0.8069603 -0.5906057 -0 0.8069603 -0.5906057 -0 0.8069603 -0.5906057 0 0 0 0 0.5906057 0.8069603 0 0.5906057 0.8069603 0 0.5906057 0.8069603 0 0.5906057 0.8069603 -0 -0.5906057 -0.8069603 -0 -0.5906057 -0.8069603 -0 -0.5906057 -0.8069603 -0 -0.5906057 -0.8069603 0 0 0 0 0.8069603 -0.5906057 0 0.8069603 -0.5906057 0 0.8069603 -0.5906057 0 0.8069603 -0.5906057 -0 -0.8069603 0.5906057 -0 -0.8069603 0.5906057 -0 -0.8069603 0.5906057 -0 -0.8069603 0.5906057 1 0 0 1 0 0 1 0 0 1 0 0 -1 -0 -0 -1 -0 -0 -1 -0 -0 -1 -0 -0</float_array>
                    <technique_common>
                        <accessor count="56" source="#ID21" stride="3">
                            <param name="X" type="float" />
                            <param name="Y" type="float" />
                            <param name="Z" type="float" />
                        </accessor>
                    </technique_common>
                </source>
                <source id="ID13">
                    <Name_array id="ID23" count="0" />
                    <technique_common>
                        <accessor count="0" source="#ID23" stride="1">
                            <param name="skp_material" type="Name" />
                        </accessor>
                    </technique_common>
                </source>
                <source id="ID15">
                    <float_array id="ID22" count="48">-0.04234129 0.07997926 -0.03023302 7.401487e-17 1.480297e-16 0.02212723 -0.07257431 0.05785203 0.6089598 -0.02439685 0 0.01306847 0 -0.02439685 0.6089598 0.01306847 0.6089598 0.08954709 0 0.01785579 0.6089598 0.01785579 0 0.08954709 -0.6089598 0.01306847 0 -0.02439685 0 0.01306847 -0.6089598 -0.02439685 0 0.08954709 -0.6089598 0.01785579 0 0.01785579 -0.6089598 0.08954709 0.03023302 7.401487e-17 0.04234129 0.07997926 -1.480297e-16 0.02212723 0.07257431 0.05785203</float_array>
                    <technique_common>
                        <accessor count="24" source="#ID22" stride="2">
                            <param name="S" type="float" />
                            <param name="T" type="float" />
                        </accessor>
                    </technique_common>
                </source>
                <vertices id="ID14">
                    <input semantic="POSITION" source="#ID11" />
                    <input semantic="NORMAL" source="#ID12" />
                </vertices>
                <triangles count="12" material="Material2">
                    <input offset="0" semantic="VERTEX" source="#ID14" />
                    <input offset="1" semantic="TEXCOORD" source="#ID15" />
                    <p>0 0 1 1 2 2 1 1 0 0 3 3 12 4 13 5 14 6 13 5 12 4 15 7 22 8 23 9 24 10 23 9 22 8 25 11 31 12 32 13 33 14 32 13 31 12 34 15 40 16 41 17 42 18 41 17 40 16 43 19 48 20 49 21 50 22 49 21 48 20 51 23</p>
                </triangles>
                <triangles count="12" material="Material3">
                    <input offset="0" semantic="VERTEX" source="#ID14" />
                    <p>4 5 6 7 6 5 16 17 18 19 18 17 26 27 28 29 28 27 35 36 37 38 37 36 44 45 46 47 46 45 52 53 54 55 54 53</p>
                </triangles>
                <lines count="12" material="Material4">
                    <input offset="0" semantic="VERTEX" source="#ID14" />
                    <p>8 9 10 8 11 10 9 11 20 21 20 8 21 9 30 20 30 10 39 30 39 11 21 39</p>
                </lines>
            </mesh>
        </geometry>
        <geometry id="ID25">
            <mesh>
                <source id="ID26">
                    <float_array id="ID31" count="168">0 5.45389 7.982849 0 0.7255925 0 0 -3.552714e-15 0.5310534 0 6.179483 7.451796 0 6.179483 7.451796 0 5.45389 7.982849 0 0.7255925 0 0 -3.552714e-15 0.5310534 0 -3.552714e-15 0.5310534 0 0.7255925 0 0 5.45389 7.982849 0 6.179483 7.451796 14.61504 0.7255925 0 0 -3.552714e-15 0.5310534 0 0.7255925 0 14.61504 -3.552714e-15 0.5310534 14.61504 -3.552714e-15 0.5310534 14.61504 0.7255925 0 0 -3.552714e-15 0.5310534 0 0.7255925 0 14.61504 -3.552714e-15 0.5310534 14.61504 0.7255925 0 14.61504 5.45389 7.982849 0 -3.552714e-15 0.5310534 14.61504 -3.552714e-15 0.5310534 0 5.45389 7.982849 0 5.45389 7.982849 14.61504 5.45389 7.982849 0 -3.552714e-15 0.5310534 14.61504 -3.552714e-15 0.5310534 14.61504 5.45389 7.982849 14.61504 5.45389 7.982849 0 6.179483 7.451796 0 5.45389 7.982849 14.61504 6.179483 7.451796 14.61504 6.179483 7.451796 14.61504 5.45389 7.982849 0 6.179483 7.451796 0 5.45389 7.982849 14.61504 6.179483 7.451796 0 6.179483 7.451796 14.61504 0.7255925 0 0 0.7255925 0 14.61504 6.179483 7.451796 14.61504 6.179483 7.451796 0 6.179483 7.451796 14.61504 0.7255925 0 0 0.7255925 0 14.61504 0.7255925 0 14.61504 5.45389 7.982849 14.61504 -3.552714e-15 0.5310534 14.61504 6.179483 7.451796 14.61504 6.179483 7.451796 14.61504 0.7255925 0 14.61504 5.45389 7.982849 14.61504 -3.552714e-15 0.5310534</float_array>
                    <technique_common>
                        <accessor count="56" source="#ID31" stride="3">
                            <param name="X" type="float" />
                            <param name="Y" type="float" />
                            <param name="Z" type="float" />
                        </accessor>
                    </technique_common>
                </source>
                <source id="ID27">
                    <float_array id="ID32" count="168">-1 0 0 -1 0 0 -1 0 0 -1 0 0 1 -0 -0 1 -0 -0 1 -0 -0 1 -0 -0 0 0 0 0 0 0 0 0 0 0 0 0 0 -0.5906057 -0.8069603 0 -0.5906057 -0.8069603 0 -0.5906057 -0.8069603 0 -0.5906057 -0.8069603 -0 0.5906057 0.8069603 -0 0.5906057 0.8069603 -0 0.5906057 0.8069603 -0 0.5906057 0.8069603 0 0 0 0 0 0 0 -0.8069603 0.5906057 0 -0.8069603 0.5906057 0 -0.8069603 0.5906057 0 -0.8069603 0.5906057 -0 0.8069603 -0.5906057 -0 0.8069603 -0.5906057 -0 0.8069603 -0.5906057 -0 0.8069603 -0.5906057 0 0 0 0 0.5906057 0.8069603 0 0.5906057 0.8069603 0 0.5906057 0.8069603 0 0.5906057 0.8069603 -0 -0.5906057 -0.8069603 -0 -0.5906057 -0.8069603 -0 -0.5906057 -0.8069603 -0 -0.5906057 -0.8069603 0 0 0 0 0.8069603 -0.5906057 0 0.8069603 -0.5906057 0 0.8069603 -0.5906057 0 0.8069603 -0.5906057 -0 -0.8069603 0.5906057 -0 -0.8069603 0.5906057 -0 -0.8069603 0.5906057 -0 -0.8069603 0.5906057 1 0 0 1 0 0 1 0 0 1 0 0 -1 -0 -0 -1 -0 -0 -1 -0 -0 -1 -0 -0</float_array>
                    <technique_common>
                        <accessor count="56" source="#ID32" stride="3">
                            <param name="X" type="float" />
                            <param name="Y" type="float" />
                            <param name="Z" type="float" />
                        </accessor>
                    </technique_common>
                </source>
                <source id="ID28">
                    <Name_array id="ID34" count="0" />
                    <technique_common>
                        <accessor count="0" source="#ID34" stride="1">
                            <param name="skp_material" type="Name" />
                        </accessor>
                    </technique_common>
                </source>
                <source id="ID30">
                    <float_array id="ID33" count="46">-0.2272454 0.3326187 -0.03023302 0 1.480297e-16 0.02212723 -0.2574784 0.3104915 0.6089598 -0.02439685 0 0.01306847 0 -0.02439685 0.6089598 0.01306847 0.6089598 0.4026225 0 0.01785579 0.6089598 0.01785579 0 0.4026225 -0.6089598 0.01306847 0 -0.02439685 0 0.01306847 -0.6089598 -0.02439685 -0.6089598 0.01785579 0 0.01785579 -0.6089598 0.4026225 0.03023302 0 0.2272454 0.3326187 -1.480297e-16 0.02212723 0.2574784 0.3104915</float_array>
                    <technique_common>
                        <accessor count="23" source="#ID33" stride="2">
                            <param name="S" type="float" />
                            <param name="T" type="float" />
                        </accessor>
                    </technique_common>
                </source>
                <vertices id="ID29">
                    <input semantic="POSITION" source="#ID26" />
                    <input semantic="NORMAL" source="#ID27" />
                </vertices>
                <triangles count="12" material="Material2">
                    <input offset="0" semantic="VERTEX" source="#ID29" />
                    <input offset="1" semantic="TEXCOORD" source="#ID30" />
                    <p>0 0 1 1 2 2 1 1 0 0 3 3 12 4 13 5 14 6 13 5 12 4 15 7 22 8 23 9 24 10 23 9 22 8 25 11 31 12 32 13 33 14 32 13 31 12 34 15 40 11 41 16 42 17 41 16 40 11 43 18 48 19 49 20 50 21 49 20 48 19 51 22</p>
                </triangles>
                <triangles count="12" material="Material3">
                    <input offset="0" semantic="VERTEX" source="#ID29" />
                    <p>4 5 6 7 6 5 16 17 18 19 18 17 26 27 28 29 28 27 35 36 37 38 37 36 44 45 46 47 46 45 52 53 54 55 54 53</p>
                </triangles>
                <lines count="12" material="Material4">
                    <input offset="0" semantic="VERTEX" source="#ID29" />
                    <p>8 9 10 8 11 10 9 11 20 21 20 8 21 9 30 20 30 10 39 30 39 11 21 39</p>
                </lines>
            </mesh>
        </geometry>
        <geometry id="ID37">
            <mesh>
                <source id="ID43">
